57.610000
57.510000
57.610000
57.660000
57.790000
58.090000
58.870000
58.820000
59.230000
59.190000
59.720000
59.870000
57.790000
58.090000
58.870000
58.520000
58.800000
58.860000
58.850000
58.880000
58.910000
58.900000
56.950000
53.620000
54.880000
58.090000
55.470000
59.020000
58.030000
59.010000
51.560000
55.460000
55.470000
45.060000
45.060000
45.060000
45.060000
45.060000
45.060000
45.060000
45.060000
45.060000
45.060000
45.060000
45.060000
45.060000
45.060000
45.060000
45.060000
45.060000
45.060000
45.060000
45.060000
45.060000
45.060000
45.060000
45.060000
45.060000
45.060000
45.060000
45.060000
45.060000
45.060000
45.060000
45.060000
45.060000
45.060000
45.060000
45.060000
45.060000
45.060000
45.060000
45.060000
45.060000
45.060000
45.060000
45.060000
45.060000
45.060000
45.060000
45.060000
45.060000
45.060000
45.060000
45.060000
45.060000
45.060000
45.060000
45.060000
45.060000
45.060000
45.060000
45.060000
45.060000
45.060000
45.060000
45.060000
45.060000
45.060000
45.060000
45.060000
45.060000
45.060000
45.060000
45.060000
45.060000
45.060000
45.060000
45.060000
45.060000
45.060000
45.060000
45.060000
45.060000
45.060000
45.060000
45.060000
45.060000
45.060000
45.060000