0.5
0.5
0.5
0.5
0.5
0.5
0.5
0.5
0.5
0.5
0.5
0.5
0.5
0.5
0.5
0.5
0.5
0.5
0.5
0.5
0.5
0.5
0.5
0.5
0.5
0.5
0.5
0.5
0.5
0.5
2.632035
2.67657
2.691345
2.691841
2.694962
2.694582
2.697266
1.5842887
1.7242887
1.4842887
0.5
0.5
2.527046
2.549716
2.541201
2.528665
2.536766
2.55834
2.54479
2.632035
1.965249
2.276019
2.12474
2.1567
0.5
0.5
0.5
0.5
0.5
0.5
2.540522
1.965249
2.376019
1.962474
2.691841
2.694962
0.5
0.5
0.5
0.5
0.5
0.5
0.5
0.5
0.5
0.5
0.5
0.5
0.5
0.5
0.5
0.5
0.5
0.5
0.5
0.5
0.5
0.5
0.5
0.5
0.5
0.5
0.5
0.5
0.5
0.5
0.5
0.5
0.5
0.5
0.5
0.5
0.5
0.5
0.5
0.5
0.5
0.5
0.5
0.5
0.5
0.5
0.5
0.5
0.5
0.5
0.5
0.5
0.5
0.5