62.120000
61.980000
62.120000
62.190000
62.350000
62.750000
63.780000
63.720000
64.260000
64.210000
64.910000
65.120000
62.350000
62.750000
63.780000
57.610000
57.510000
57.610000
57.660000
57.790000
58.090000
58.870000
58.820000
59.230000
59.190000
59.720000
59.870000
57.790000
58.090000
58.870000
65.500000
65.890000
65.970000
65.930000
65.980000
66.050000
66.020000
62.410000
58.140000
59.560000
55.250000
58.840000
58.660000
58.780000
58.760000
58.760000
58.770000
58.820000
56.430000
57.120000
53.170000
53.240000
58.280000
58.350000
62.190000
60.310000
61.930000
54.100000
59.260000
59.290000
54.650000
51.580000
53.770000
51.560000
55.460000
55.470000
45.060000
45.060000
45.060000
45.060000
45.060000
45.060000
45.060000
45.060000
45.060000
45.060000
45.060000
45.060000
45.060000
45.060000
45.060000
45.060000
45.060000
45.060000
45.060000
45.060000
45.060000
45.060000
45.060000
45.060000
45.060000
45.060000
45.060000
45.060000
45.060000
45.060000
45.060000
45.060000
45.060000
45.060000
45.060000
45.060000
45.060000
45.060000
45.060000
45.060000
45.060000
45.060000
45.060000
45.060000
45.060000
45.060000
45.060000
45.060000
45.060000
45.060000
45.060000
45.060000
45.060000
45.060000